0.0
0.0
0.0
0.0
0.0
0.0
0.0
1.1752136752136752E-4
9.188034188034187E-4
0.002478632478632479
0.004166666666666667
0.006335470085470085
0.009487179487179486
0.012435897435897434
0.015224358974358972
0.018429487179487176
0.021997863247863243
0.026869658119658114
0.03194444444444444
0.03848290598290598
0.04650641025641025
0.05489316239316239
0.06387820512820512
0.07318376068376067
0.08256410256410256
0.09272435897435896
0.10348290598290596
0.11422008547008546
0.1250213675213675
0.13540598290598288
0.14565170940170938
0.15563034188034186
0.16571581196581195
0.17504273504273501
0.18404914529914526
0.19283119658119655
0.20155982905982903
0.20934829059829058
0.21749999999999997
0.22490384615384612
0.2317521367521367
0.2387606837606837
0.245309829059829
0.2518589743589743
0.2579273504273504
0.2636324786324786
0.2694123931623931
0.27487179487179486
0.27946581196581194
0.2840384615384615
0.2888247863247863
0.29358974358974355
0.29772435897435895
0.30174145299145294
0.30542735042735036
0.3089102564102563
0.3123931623931623
0.31619658119658106
0.3199893162393161
0.32379273504273487
0.32743589743589724
0.3310042735042733
0.33449786324786307
0.337713675213675
0.34101495726495706
0.34435897435897417
0.34743589743589726
0.35064102564102545
0.3538888888888887
0.3571260683760682
0.3601175213675212
0.3633440170940169
0.3666346153846152
0.3700213675213674
0.3733653846153845
0.37668803418803404
0.38029914529914516
0.38415598290598274
0.3879166666666665
0.3919871794871793
0.3960149572649571
0.3999786324786323
0.4038354700854699
0.4080769230769229
0.4118910256410255
0.4162927350427349
0.4203632478632477
0.4247649572649571
0.4294978632478631
0.4337072649572648
0.43832264957264944
0.44271367521367505
0.44782051282051266
0.45284188034188017
0.45820512820512804
0.46410256410256395
0.47016025641025627
0.4768482905982905
0.4835363247863247
0.4907158119658119
0.4981410256410255
0.5064743589743589
0.5148717948717948
0.5229380341880341
0.5316987179487178
0.5405128205128203
0.5494871794871793
0.5582158119658117
0.5675961538461536
0.5764209401709399
0.5863354700854698
0.5960470085470083
0.6055341880341878
0.6146901709401706
0.6248076923076921
0.6351709401709399
0.6447542735042733
0.6551068376068374
0.6652243589743588
0.6742521367521366
0.6840491452991452
0.6933119658119657
0.7024145299145298
0.7107799145299144
0.718653846153846
0.7273076923076921
0.7359294871794869
0.744316239316239
0.7521260683760681
0.7597756410256408
0.7670085470085467
0.7735363247863245
0.7796474358974356
0.7861431623931621
0.7920405982905979
0.7977884615384612
0.8033440170940167
0.8097008547008543
0.8154594017094013
0.8212820512820509
0.8267735042735039
0.8312286324786321
0.8355982905982903
0.8393696581196578
0.8434294871794868
0.8472542735042732
0.8507478632478629
0.8541666666666663
0.8572649572649569
0.8604914529914526
0.8636538461538458
0.8665384615384611
0.8689529914529911
0.870566239316239
0.8718910256410253
0.8732264957264954
0.8742841880341876
0.8753952991452987
0.8766239316239312
0.8781089743589738
0.8799572649572645
0.881944444444444
0.8850106837606833
0.8878952991452986
0.8908440170940166
0.8943055555555551
0.898376068376068
0.9025641025641021
0.9073076923076919
0.9122329059829056
0.9170726495726492
0.9225641025641023
0.9282158119658117
0.9340491452991451
0.940480769230769
0.9471581196581194
0.953739316239316
0.9611004273504271
0.9693696581196579
0.9770512820512819
0.9827243589743588
0.9867200854700854
0.9898397435897435
0.992446581196581
0.995705128205128
0.9980448717948716
0.9993055555555553
0.9998290598290596
0.9999786324786322
0.9999999999999997
0.9999999999999997
0.9999999999999997
0.9999999999999997
0.9999999999999997
0.9999999999999997
0.9999999999999997
0.9999999999999997
0.9999999999999997
0.9999999999999997
0.9999999999999997
0.9999999999999997
0.9999999999999997
0.9999999999999997
0.9999999999999997
0.9999999999999997
0.9999999999999997
0.9999999999999997
0.9999999999999997
0.9999999999999997
0.9999999999999997
0.9999999999999997
0.9999999999999997
0.9999999999999997
0.9999999999999997
0.9999999999999997
0.9999999999999997
0.9999999999999997
0.9999999999999997
0.9999999999999997
0.9999999999999997
0.9999999999999997
0.9999999999999997
0.9999999999999997
0.9999999999999997
0.9999999999999997
0.9999999999999997
0.9999999999999997
0.9999999999999997
0.9999999999999997
0.9999999999999997
0.9999999999999997
0.9999999999999997
0.9999999999999997
0.9999999999999997
0.9999999999999997
0.9999999999999997
0.9999999999999997
0.9999999999999997
0.9999999999999997
0.9999999999999997
0.9999999999999997
0.9999999999999997
0.9999999999999997
0.9999999999999997
0.9999999999999997
0.9999999999999997
0.9999999999999997
0.9999999999999997
0.9999999999999997
0.9999999999999997
0.9999999999999997
0.9999999999999997
0.9999999999999997
0.9999999999999997
0.9999999999999997
