0.029925214
0.030160258
0.030491455
0.031239318
0.031688035
0.033215813
0.033867523
0.034957267
0.035512824
0.037959404
0.044038463
0.06002137
0.06163462
0.06324787
0.06409188
0.06940171
0.078589745
0.081271365
0.085
0.092008546
0.09309829
0.10534188
0.12407051
0.13411325
0.14044872
0.1750641
0.21470085
0.23568375
0.27082264
0.30336538
0.39603633
0.47095084
0.54383546
0.5796261
0.6213462
0.6425214
0.65465814
0.66550213
0.6675534
0.7068376
0.70711535
0.7078953
0.7089957
0.7091773
0.70940167
0.70969015
0.70969015
0.7097115
0.7380662
0.74150634
0.74150634
0.7416559
0.7416986
0.7416986
0.7417093
0.7417093
0.7417093
0.741752
0.741752
0.741752
0.79432684
0.79432684
0.79432684
0.79432684
0.7943482
0.7943482
0.7943482
0.79482895
0.79482895
0.7948503
0.7968268
0.7968268
0.80874985
0.80874985
0.80874985
0.80874985
0.808846
0.808846
0.808846
0.8094443
0.8094443
0.8094443
0.8094443
0.809455
0.82117504
0.8227135
0.8227135
0.8227135
0.8227135
0.8227135
0.82277757
0.82277757
0.82277757
0.82277757
0.82277757
0.82349336
0.82349336
0.82349336
0.82349336
0.82350403
0.835769
0.835769
0.8390275
0.83935875
0.83935875
0.83935875
0.83935875
0.8393694
0.8393694
0.8393694
0.87729675
0.87729675
0.88308734
0.88308734
0.8831087
0.8831087
0.8831087
0.8831087
0.8831087
0.8831087
0.90418774
0.90418774
0.90418774
0.90418774
0.90418774
0.90418774
0.90476465
0.90476465
0.90476465
0.90476465
0.9048074
0.9048074
0.9390809
0.93909156
0.93909156
0.93909156
0.93917704
0.93917704
0.93917704
0.95119625
0.95119625
0.95119625
0.95119625
0.95119625
0.95119625
0.95119625
0.952521
0.95295906
0.95295906
0.95295906
0.9583864
0.9583864
0.9583971
0.9583971
0.9583971
0.9583971
0.9583971
0.9583971
0.95862144
0.95862144
0.9608223
0.96083295
0.96083295
0.96083295
0.96083295
0.96214706
0.96214706
0.9621684
0.96221113
0.96221113
0.9623607
0.9623607
0.9623607
0.96276665
0.96316195
0.96316195
0.96316195
0.96316195
0.96316195
0.96316195
0.9639419
0.9639419
0.96395254
0.964038
0.964038
0.9643158
0.96432644
0.96432644
0.96432644
0.9648393
0.9648927
0.9666021
0.9666021
0.9666021
0.96661276
0.9666448
0.96767044
0.9677025
0.9678307
0.9678841
0.9678841
0.9685786
0.9698927
0.9700743
0.9704375
0.97157
0.97385633
0.9745294
0.9758221
0.9764524
0.97962546
0.9802772
0.98278785
0.98392034
0.98504215
0.98557633
0.9856725
0.9868477
0.98687977
0.98696524
0.9890806
0.98941183
0.98941183
0.9894225
0.98946524
0.9895614
0.9895614
0.9895614
0.9902665
0.9902665
0.9904481
0.9905015
0.9905015
0.9905015
0.9905015
0.9905015
0.9905015
0.9905015
0.9905015
0.9905015
0.9918156
0.9918156
0.9918156
0.9918156
0.9918263
0.9918263
0.9918263
0.99185836
0.99185836
0.9919545
0.99197584
0.99197584
0.99231774
0.99231774
0.99231774
0.99231774
0.9923284
0.9923284
0.9923284
0.9923284
0.99234974
0.99234974
0.99234974
0.99234974
0.9924459
0.9924672
0.9924672
0.9924672
0.9924672
0.9924672
0.9924672
0.9924672
0.9924672
0.9924672
0.9924672
0.9924672
0.9924672
0.9924672
0.9924672
0.9928839
0.9928839
0.9928839
0.9928946
0.9928946
0.9928946
0.9928946
0.9928946
0.9928946
0.9928946
0.9928946
0.9929373
0.9929373
0.9929373
0.9929373
0.992948
0.992948
0.992948
0.992948
0.992948
0.992948
0.99298006
0.99298006
0.99298006
0.99298006
0.99298006
0.99298006
0.99298006
0.99298006
0.99298006
0.99298006
0.99298006
0.99298006
0.993151
0.993151
0.993151
0.993151
0.993151
0.993151
0.993151
0.993151
0.9932578
0.9932578
0.9932578
0.9932578
0.9932685
0.9932685
0.9932685
0.99330056
0.99330056
0.99330056
0.9966339
0.9966339
0.9966339
0.9966339
0.9966339
0.9966339
0.9966339
0.9966339
0.9967087
0.9967087
0.9972856
0.9972856
0.9972856
0.9972856
0.9972856
0.9982685
0.9982685
0.9982685
0.9983219
0.9983219
0.99848217
0.99848217
0.9985035
0.9992941
0.9994544
0.9995612
0.999636
0.9997749
0.9998817
0.9999992
