0.08848291
0.089177355
0.091613255
0.09289531
0.09538462
0.09763889
0.100438036
0.10275641
0.10625
0.10863248
0.113632485
0.11903847
0.1228312
0.1298077
0.13424146
0.14670941
0.15971155
0.17983976
0.19884618
0.23028848
0.24860044
0.28760684
0.32621795
0.38658118
0.4291239
0.48878202
0.5392628
0.5811858
0.60311955
0.61314094
0.6391452
0.64554477
0.65073705
0.65684813
0.66278833
0.6672755
0.6758118
0.6817306
0.6869443
0.69947636
0.70123917
0.7049144
0.70987165
0.7120725
0.71418786
0.72145283
0.72336525
0.7249251
0.7285469
0.7305448
0.7308119
0.73175204
0.73254263
0.73351485
0.7339529
0.7344977
0.73509604
0.7353631
0.7360469
0.7360469
0.7757478
0.77610034
0.776314
0.77672
0.7772969
0.7777777
0.7778952
0.7781089
0.7785256
0.7788141
0.77963674
0.78
0.7803846
0.7807051
0.7807799
0.78462607
0.78478634
0.7852244
0.78543806
0.7913996
0.79151714
0.7918163
0.7921368
0.7923398
0.7929381
0.7931197
0.79316247
0.7934937
0.7936967
0.7938249
0.80328006
0.80348307
0.8037288
0.8038891
0.8040707
0.8042737
0.8044233
0.80461556
0.804872
0.8049147
0.80641043
0.8064745
0.8066134
0.8067416
0.8068057
0.8073078
0.8073505
0.80773515
0.80773515
0.80780995
0.80815184
0.8081946
0.8082694
0.8083655
0.80860054
0.80867535
0.8086967
0.8088997
0.80927366
0.80927366
0.83316255
0.83316255
0.83321595
0.8333655
0.8335792
0.83364326
0.8337928
0.8338462
0.833953
0.8341133
0.83428425
0.8343483
0.83452994
0.83473295
0.8347757
0.8352885
0.8354595
0.8355343
0.8357052
0.83673084
0.83678424
0.8369445
0.8371048
0.83722234
0.83767104
0.8380557
0.8383548
0.838889
0.83916676
0.8391881
0.8429274
0.84320515
0.8434616
0.84372866
0.8440599
0.8448719
0.8454381
0.84594023
0.8461646
0.8463996
0.8473505
0.84770304
0.8488996
0.84932697
0.8495513
0.8500855
0.85052353
0.8510043
0.8518483
0.8528205
0.8555342
0.8566667
0.8574039
0.85853636
0.85894233
0.8606304
0.86119664
0.8645834
0.8650535
0.8650535
0.88685906
0.8871689
0.88818383
0.8886967
0.889295
0.8894659
0.89045954
0.8913356
0.89208347
0.8931305
0.89350444
0.89449805
0.8947224
0.8953207
0.89557713
0.89630365
0.8966135
0.89690197
0.89716905
0.89748955
0.8990601
0.8993913
0.8999789
0.9001819
0.90098315
0.9012075
0.9014212
0.90166694
0.9018913
0.9019981
0.90858996
0.9088891
0.9092417
0.90964764
0.91054505
0.9121369
0.9123292
0.91280997
0.91354716
0.91361123
0.9179168
0.91873944
0.9194018
0.9204061
0.9210578
0.9240386
0.92496806
0.92584413
0.9285578
0.9291561
0.93058777
0.9314318
0.9328741
0.93382496
0.9345942
0.93523526
0.9357374
0.9358656
0.93602586
0.93602586
0.9578528
0.9578741
0.9579062
0.9580344
0.9583442
0.9585579
0.95894253
0.9594554
0.95951945
0.95985067
0.959872
0.95998955
0.9601284
0.96031004
0.9603314
0.9609617
0.9610685
0.96134627
0.96166676
0.96167743
0.9621689
0.962468
0.9627458
0.9627885
0.963109
0.9633227
0.96349365
0.96375006
0.96376073
0.9638569
0.96689105
0.96694446
0.96705127
0.9672543
0.96731836
0.96747863
0.96771365
0.9677564
0.9677777
0.9681196
0.9681196
0.96824783
0.9683119
0.96833324
0.9684935
0.9686858
0.9687713
0.9690063
0.9690597
0.9690597
0.96917725
0.96923065
0.9692734
0.96944433
0.96949774
0.9695298
0.96955115
0.9695725
0.96963656
0.96963656
0.9768054
0.9768054
0.9768054
0.9769336
0.97694427
0.9772007
0.9772434
0.9773075
0.97732884
0.97758526
0.9788887
0.97895277
0.97901684
0.9790489
0.9791878
0.97943354
0.9794442
0.9796045
0.9796472
0.9796579
0.97993565
0.98004246
0.98012793
0.9801386
0.9802134
0.9803416
0.9804164
0.9804912
0.9807156
0.98072624
0.9821044
0.9821578
0.98227537
0.98241425
0.98259586
0.9828309
0.9832689
0.98349327
0.9837497
0.98388857
0.9855766
0.9859292
0.9867839
0.9872433
0.9876279
0.9888459
0.9895083
0.9900211
0.9910147
0.9919442
0.9929485
0.99416643
0.99502116
0.9956729
0.9964849
0.9970084
0.9977349
0.99877125
0.99958324
0.99999994
