0.1500641
0.15141025
0.1601282
0.17083333
0.1746688
0.18764958
0.19446582
0.20030983
0.20551282
0.2140171
0.24129273
0.27002135
0.27520296
0.2779914
0.28067303
0.29535252
0.30633542
0.3127457
0.3237393
0.34233972
0.3545299
0.3837927
0.42045936
0.4647863
0.485235
0.5432478
0.63264954
0.67738247
0.7296367
0.7570192
0.7873825
0.80069447
0.8057586
0.807233
0.8082479
0.8085898
0.8086753
0.8136646
0.8136753
0.83000004
0.83000004
0.8306838
0.8324039
0.8324039
0.8326603
0.8333761
0.8333761
0.8333761
0.84216887
0.849968
0.849968
0.85006416
0.85014963
0.85014963
0.85014963
0.85014963
0.85014963
0.85014963
0.85014963
0.85014963
0.8770834
0.8770834
0.8770834
0.8770834
0.8770834
0.8770834
0.8770834
0.8772971
0.8772971
0.8773078
0.885139
0.885139
0.9045941
0.9045941
0.9045941
0.9045941
0.90461546
0.90461546
0.90461546
0.90462613
0.90462613
0.90462613
0.90462613
0.90462613
0.9058441
0.9061646
0.9061646
0.9061646
0.9061646
0.9061646
0.9061646
0.9061646
0.9061646
0.9061646
0.9061646
0.9061646
0.9061646
0.9061646
0.9061646
0.9061646
0.90869665
0.90869665
0.9088142
0.9088142
0.9088142
0.9088142
0.9088142
0.9088142
0.9088142
0.9088142
0.90896374
0.90896374
0.90896374
0.90896374
0.90896374
0.90896374
0.90896374
0.90896374
0.90896374
0.90896374
0.9089958
0.9089958
0.9089958
0.9089958
0.9089958
0.9089958
0.9089958
0.9089958
0.9089958
0.9089958
0.9089958
0.9089958
0.9091347
0.9091347
0.9091347
0.9091347
0.9091347
0.9091347
0.9091347
0.9091774
0.9091774
0.9091774
0.9091774
0.9091774
0.9091774
0.9091774
0.9091774
0.9091881
0.9091881
0.9091881
0.92679495
0.92679495
0.92679495
0.92679495
0.92679495
0.92679495
0.92679495
0.92679495
0.926827
0.926827
0.9269018
0.9269018
0.9269018
0.9269018
0.9269018
0.9273505
0.9273505
0.9273505
0.9273505
0.9273505
0.9273505
0.9273505
0.9273505
0.92737186
0.92737186
0.92737186
0.92737186
0.92737186
0.92737186
0.92737186
0.92753214
0.92753214
0.92753214
0.92753214
0.92753214
0.9275428
0.9275428
0.9275428
0.9275428
0.9275428
0.9275428
0.9281411
0.9281411
0.9281411
0.9281411
0.9281411
0.92816246
0.92816246
0.92816246
0.92816246
0.92816246
0.9281731
0.928312
0.928312
0.928312
0.9285684
0.92867523
0.92867523
0.9286966
0.9286966
0.9286966
0.9286966
0.9287393
0.9287393
0.92875
0.92875
0.92875
0.9288995
0.9288995
0.9288995
0.930673
0.93084395
0.93084395
0.9308653
0.9308866
0.9309187
0.9309187
0.9309187
0.93155974
0.93155974
0.9319444
0.9320192
0.9320619
0.9320619
0.9320619
0.9320619
0.93208325
0.9320939
0.9320939
0.9320939
0.9427563
0.9427563
0.9427563
0.94287384
0.9428845
0.9428952
0.9428952
0.94310886
0.94316226
0.9437285
0.9438033
0.9438033
0.9450213
0.9450213
0.9450426
0.94506395
0.9451601
0.94519216
0.94519216
0.94519216
0.94533104
0.94533104
0.9453417
0.9453417
0.94603616
0.9463139
0.9463139
0.9463139
0.9463139
0.9463139
0.9463673
0.946378
0.94639933
0.94639933
0.94639933
0.94639933
0.9464634
0.9464634
0.9464741
0.94900614
0.94900614
0.94900614
0.9492305
0.94926256
0.94926256
0.94926256
0.94926256
0.94926256
0.94926256
0.94926256
0.94971126
0.94972193
0.9498715
0.9498715
0.94988215
0.94988215
0.94988215
0.94988215
0.94988215
0.94988215
0.95029885
0.95029885
0.95029885
0.95029885
0.9503416
0.9503416
0.95040566
0.95040566
0.95040566
0.95040566
0.9504163
0.950427
0.95204026
0.95204026
0.95204026
0.95204026
0.9521257
0.9521364
0.9521898
0.9521898
0.9528949
0.9528949
0.95293766
0.95293766
0.9529804
0.9529804
0.9534505
0.9540274
0.9540274
0.9540274
0.9614526
0.961506
0.9615701
0.9615914
0.9616021
0.9616021
0.9616021
0.9616021
0.9625743
0.96261704
0.9678414
0.96792686
0.96792686
0.96792686
0.96799093
0.9725422
0.9725422
0.9727666
0.97436917
0.9744226
0.97648454
0.9766982
0.9770508
0.98652726
0.9926704
0.9932687
0.9963243
0.9986427
0.99971104
0.9999995
