0.027628206
0.029113248
0.030950855
0.033365384
0.035897434
0.038429484
0.041036323
0.04634615
0.050779913
0.05371795
0.07027778
0.083408125
0.090053424
0.10148505
0.104829066
0.13159189
0.15925214
0.18182692
0.21255341
0.2543269
0.28383547
0.3381624
0.38160256
0.42136753
0.4431517
0.49975428
0.5868483
0.62301284
0.654359
0.6667628
0.69345087
0.7084829
0.7290812
0.7321581
0.735844
0.73949784
0.73994654
0.76698714
0.7670833
0.77697647
0.77697647
0.78147435
0.7892735
0.78951925
0.79112184
0.79533124
0.79533124
0.7953633
0.81578
0.82865393
0.82865393
0.830139
0.83080137
0.83080137
0.83080137
0.83080137
0.83083344
0.83083344
0.83083344
0.83083344
0.88432705
0.88432705
0.88432705
0.88432705
0.8844232
0.8844232
0.8844232
0.88570523
0.88570523
0.88575864
0.8923185
0.8923185
0.91444457
0.91444457
0.91444457
0.91444457
0.91447663
0.914498
0.914498
0.9146048
0.9146048
0.9146048
0.9146048
0.9146048
0.91677356
0.91737187
0.91737187
0.91737187
0.91737187
0.91737187
0.91737187
0.91737187
0.91737187
0.91737187
0.91737187
0.9174146
0.9174146
0.9174146
0.9174146
0.9174146
0.9250962
0.9250962
0.925203
0.92522436
0.92522436
0.92522436
0.92522436
0.92522436
0.92522436
0.92522436
0.925406
0.925406
0.92543805
0.92543805
0.92543805
0.92543805
0.92543805
0.92543805
0.92543805
0.92543805
0.92549145
0.92549145
0.92549145
0.92549145
0.92549145
0.92549145
0.92549145
0.92549145
0.92549145
0.92549145
0.92549145
0.92549145
0.92608976
0.92608976
0.92608976
0.92608976
0.92608976
0.92608976
0.92608976
0.92616457
0.92616457
0.92616457
0.92616457
0.92616457
0.92616457
0.92616457
0.92617524
0.92617524
0.92617524
0.92617524
0.9717201
0.9717201
0.9717201
0.9717201
0.9717201
0.9717201
0.9717201
0.9717201
0.9717201
0.9717201
0.9719017
0.9719017
0.9719017
0.9719017
0.9719017
0.97412395
0.97412395
0.97412395
0.97412395
0.97412395
0.97412395
0.97412395
0.97412395
0.9741667
0.9741667
0.9741667
0.9741667
0.9741667
0.9741667
0.9741667
0.9743804
0.9743804
0.9743804
0.9743804
0.9743804
0.97439104
0.97439104
0.97439104
0.97439104
0.9744231
0.9744231
0.9760898
0.9760898
0.9760898
0.9760898
0.9760898
0.9761432
0.9761432
0.9761432
0.9761432
0.9761432
0.97615385
0.9763141
0.9763141
0.9763141
0.9765919
0.9766667
0.97669876
0.97669876
0.97669876
0.97669876
0.97669876
0.9767094
0.9767094
0.9767094
0.9767094
0.9767094
0.97680557
0.97680557
0.97680557
0.9873718
0.98752135
0.98752135
0.987532
0.9875427
0.98757476
0.98757476
0.98757476
0.98854697
0.98854697
0.9886218
0.98868585
0.9887286
0.9887286
0.98873925
0.98873925
0.988782
0.9888033
0.9888033
0.9888033
0.99136746
0.99136746
0.99136746
0.9913781
0.9913781
0.9913781
0.9913781
0.9914743
0.99148494
0.9917093
0.99171996
0.99171996
0.9920512
0.9920512
0.9920512
0.9920512
0.9920512
0.9920512
0.9920512
0.9920512
0.9920939
0.9920939
0.9920939
0.9921046
0.9921794
0.99219006
0.99219006
0.99219006
0.99219006
0.99219006
0.99219006
0.99219006
0.99219006
0.99219006
0.99219006
0.99219006
0.99219006
0.99219006
0.99219006
0.99258536
0.99258536
0.99258536
0.99259603
0.99259603
0.99259603
0.99259603
0.99259603
0.99259603
0.99259603
0.99259603
0.99264944
0.9926601
0.9926601
0.9926601
0.9926601
0.9926601
0.9926601
0.9926601
0.9926601
0.9926601
0.99270284
0.99270284
0.99270284
0.99270284
0.99270284
0.99270284
0.99270284
0.99270284
0.99270284
0.99270284
0.99270284
0.99270284
0.9928524
0.9928524
0.9928524
0.9928524
0.9928524
0.9928524
0.9928524
0.9928524
0.9929058
0.9929058
0.9929058
0.9929058
0.99291646
0.99291646
0.99291646
0.9929378
0.9929378
0.9929378
0.9943267
0.9943267
0.9943267
0.9943267
0.9943267
0.9943267
0.9943267
0.9943267
0.9943588
0.9943588
0.994722
0.994722
0.994722
0.994722
0.994722
0.995331
0.9953523
0.9953523
0.99542713
0.9954378
0.99555534
0.9955981
0.9957049
0.9964207
0.9968908
0.9971579
0.9977882
0.9984185
0.9994121
0.9999997
