0.0
2.1367521367521368E-5
6.41025641025641E-5
1.6025641025641026E-4
4.594017094017094E-4
0.0016132478632478633
0.003653846153846154
0.006805555555555556
0.010502136752136753
0.015010683760683761
0.01982905982905983
0.02575854700854701
0.03270299145299145
0.03897435897435897
0.045608974358974354
0.05261752136752136
0.05958333333333333
0.06614316239316238
0.07288461538461538
0.07881410256410257
0.08487179487179487
0.09040598290598291
0.09582264957264958
0.10134615384615385
0.10735042735042735
0.11363247863247863
0.11972222222222223
0.12565170940170942
0.13200854700854703
0.13714743589743592
0.14169871794871797
0.14646367521367523
0.15139957264957266
0.15664529914529915
0.16221153846153846
0.16784188034188036
0.17333333333333334
0.17856837606837608
0.18368589743589744
0.18831196581196583
0.19269230769230772
0.1968803418803419
0.20050213675213677
0.2042948717948718
0.20795940170940172
0.21157051282051284
0.21461538461538462
0.2175534188034188
0.2210363247863248
0.22409188034188035
0.22699786324786325
0.229732905982906
0.23222222222222225
0.2350641025641026
0.23787393162393167
0.24058760683760688
0.24326923076923082
0.2459722222222223
0.24869658119658125
0.2511538461538462
0.25378205128205134
0.25610042735042743
0.2583012820512821
0.26079059829059836
0.26307692307692315
0.2650854700854702
0.26744658119658127
0.2692948717948719
0.2712179487179488
0.27277777777777784
0.27467948717948726
0.2765598290598291
0.2781089743589744
0.28013888888888894
0.281965811965812
0.28391025641025647
0.2856517094017095
0.28774572649572655
0.2896367521367522
0.29166666666666674
0.2936538461538462
0.295940170940171
0.29805555555555563
0.30024572649572656
0.30242521367521374
0.3045192307692308
0.3069871794871795
0.3094337606837607
0.31207264957264963
0.3146688034188035
0.3175641025641026
0.32049145299145304
0.32385683760683764
0.3271047008547009
0.330448717948718
0.3337927350427351
0.33733974358974367
0.3415811965811967
0.3459722222222223
0.3496047008547009
0.35285256410256416
0.35545940170940177
0.35839743589743595
0.36119658119658127
0.364198717948718
0.36750000000000005
0.3708867521367522
0.3744551282051283
0.37818376068376075
0.38215811965811974
0.38602564102564113
0.3897542735042736
0.39376068376068385
0.3978739316239317
0.4025213675213676
0.40745726495726503
0.41243589743589754
0.4173183760683762
0.4223183760683762
0.42746794871794885
0.4329166666666668
0.438888888888889
0.44458333333333344
0.45053418803418815
0.45681623931623944
0.4629380341880343
0.4686965811965813
0.47496794871794884
0.48202991452991467
0.4887713675213677
0.4966773504273506
0.5048504273504275
0.5126495726495728
0.5200747863247864
0.5280876068376069
0.5353418803418805
0.542948717948718
0.5506196581196582
0.5576709401709402
0.564508547008547
0.5712286324786325
0.5781623931623933
0.5853098290598292
0.5919123931623933
0.5992735042735045
0.6068162393162395
0.6147970085470087
0.6226816239316241
0.6309081196581198
0.6389957264957266
0.6472542735042736
0.6563141025641026
0.6653952991452992
0.6752457264957266
0.6858440170940172
0.6957799145299146
0.7060897435897436
0.715491452991453
0.7254059829059829
0.7353098290598291
0.7447649572649573
0.7535576923076923
0.7632692307692308
0.7719871794871795
0.7803846153846155
0.7890918803418804
0.7977457264957265
0.8066239316239316
0.8149465811965813
0.8231196581196581
0.8309188034188034
0.8377243589743589
0.8451175213675213
0.8515491452991452
0.85767094017094
0.8637072649572648
0.8697542735042734
0.8752991452991452
0.8794551282051282
0.8830021367521367
0.8858974358974359
0.8888461538461538
0.8910897435897436
0.8933867521367521
0.8957799145299145
0.8989316239316238
0.9021474358974358
0.9057478632478632
0.9100747863247862
0.9161538461538461
0.9235790598290597
0.9329380341880341
0.942542735042735
0.9499893162393162
0.9568055555555555
0.965309829059829
0.9775320512820512
0.988568376068376
0.9954487179487179
0.9984294871794871
0.9994658119658119
0.9997649572649572
0.9999252136752136
0.9999679487179486
0.9999786324786324
0.9999786324786324
0.9999786324786324
0.9999893162393162
0.9999893162393162
0.9999893162393162
1.0
1.0
1.0
1.0
1.0
1.0
1.0
1.0
1.0
1.0
1.0
1.0
1.0
1.0
1.0
1.0
1.0
1.0
1.0
1.0
1.0
1.0
1.0
1.0
1.0
1.0
1.0
1.0
1.0
1.0
1.0
1.0
1.0
1.0
1.0
1.0
1.0
1.0
1.0
1.0
1.0
1.0
1.0
1.0
1.0
