0.0
2.1367521367521368E-5
6.41025641025641E-5
2.2435897435897436E-4
6.303418803418803E-4
0.0020833333333333333
0.0045085470085470085
0.008568376068376068
0.013215811965811966
0.01983974358974359
0.030085470085470085
0.043632478632478634
0.05889957264957265
0.07512820512820513
0.09176282051282052
0.10580128205128206
0.11807692307692308
0.13049145299145298
0.1425
0.1537713675213675
0.16439102564102562
0.1739316239316239
0.1824358974358974
0.19052350427350423
0.19793803418803416
0.20480769230769227
0.21051282051282047
0.2160470085470085
0.22117521367521364
0.2263461538461538
0.23092948717948714
0.23529914529914525
0.23904914529914525
0.24249999999999997
0.24595085470085468
0.249017094017094
0.2519444444444444
0.2546260683760683
0.2569444444444444
0.2590705128205128
0.2613034188034188
0.2635470085470085
0.26579059829059826
0.26804487179487174
0.2702350427350427
0.2726388888888888
0.27496794871794866
0.27714743589743585
0.2792628205128205
0.2817200854700854
0.28399572649572646
0.28638888888888886
0.2885576923076923
0.2908653846153846
0.29383547008547006
0.2963461538461538
0.2989209401709401
0.3016452991452991
0.3044123931623931
0.30736111111111103
0.3104914529914529
0.31313034188034183
0.31613247863247856
0.3190064102564102
0.3219551282051281
0.3254914529914529
0.32929487179487166
0.3328632478632477
0.3362179487179486
0.34017094017094
0.344145299145299
0.3483760683760682
0.35304487179487165
0.35723290598290586
0.360662393162393
0.36407051282051267
0.3672115384615383
0.3699679487179486
0.37309829059829047
0.37617521367521356
0.3797008547008546
0.3828739316239315
0.3865277777777777
0.39008547008547
0.39380341880341874
0.39758547008547
0.4017200854700854
0.40583333333333327
0.4102350427350427
0.41480769230769227
0.4192094017094017
0.4232158119658119
0.4277884615384615
0.4318376068376068
0.43668803418803415
0.4418589743589743
0.44679487179487176
0.4519764957264957
0.45766025641025637
0.4639316239316239
0.4706944444444444
0.47793803418803416
0.48519230769230764
0.49301282051282047
0.5010363247863248
0.5080662393162393
0.5156623931623932
0.5233226495726495
0.5315918803418803
0.5394123931623931
0.5470299145299145
0.5546581196581196
0.5626388888888888
0.5710470085470084
0.5794017094017092
0.5876388888888887
0.5963354700854699
0.6046153846153844
0.613119658119658
0.6220833333333332
0.6325747863247863
0.6429166666666666
0.6534508547008546
0.6643376068376068
0.6740064102564102
0.6847329059829059
0.6953525641025641
0.7050320512820513
0.7140277777777777
0.7229273504273503
0.7325427350427349
0.7418910256410255
0.7518269230769229
0.7615491452991451
0.7710470085470084
0.779946581196581
0.787361111111111
0.7940384615384614
0.7996581196581195
0.8049358974358973
0.8090064102564102
0.8124465811965811
0.81517094017094
0.8171260683760683
0.8189529914529914
0.820534188034188
0.8220833333333333
0.8233974358974359
0.8247649572649572
0.8261645299145299
0.8275320512820513
0.8288995726495727
0.8303739316239317
0.8315705128205129
0.8331944444444445
0.8345619658119658
0.8360790598290598
0.8374679487179487
0.8390705128205128
0.8403311965811966
0.8418376068376069
0.8433440170940172
0.8446581196581198
0.8458653846153847
0.8472863247863249
0.8486431623931625
0.8503311965811967
0.8519017094017095
0.8535897435897437
0.8554807692307693
0.8572008547008548
0.8593269230769232
0.8618162393162394
0.8645085470085471
0.8673076923076923
0.870758547008547
0.8744444444444445
0.8780021367521368
0.8814102564102565
0.884017094017094
0.886517094017094
0.8890491452991452
0.8912179487179487
0.8936538461538461
0.8958760683760684
0.8988568376068375
0.9021260683760683
0.9055769230769231
0.9098717948717948
0.9157371794871795
0.9229380341880342
0.9326495726495727
0.9424786324786325
0.9498504273504274
0.9566773504273505
0.9649252136752137
0.977232905982906
0.9883867521367522
0.9953525641025641
0.9984401709401709
0.9994444444444444
0.9997542735042734
0.9999252136752136
0.9999679487179486
0.9999786324786324
0.9999786324786324
0.9999786324786324
0.9999893162393162
0.9999893162393162
0.9999893162393162
1.0
1.0
1.0
1.0
1.0
1.0
1.0
1.0
1.0
1.0
1.0
1.0
1.0
1.0
1.0
1.0
1.0
1.0
1.0
1.0
1.0
1.0
1.0
1.0
1.0
1.0
1.0
1.0
1.0
1.0
1.0
1.0
1.0
1.0
1.0
1.0
1.0
1.0
1.0
1.0
1.0
1.0
1.0
1.0
1.0
