2.1367521367521368E-5
4.2735042735042735E-5
8.547008547008547E-5
2.02991452991453E-4
5.876068376068376E-4
0.001517094017094017
0.003034188034188034
0.004754273504273504
0.006677350427350427
0.010299145299145298
0.016976495726495726
0.02591880341880342
0.03466880341880342
0.04193376068376069
0.048782051282051285
0.05511752136752137
0.061591880341880345
0.0685042735042735
0.0751923076923077
0.08147435897435898
0.08768162393162393
0.09384615384615384
0.09955128205128205
0.1055982905982906
0.11099358974358974
0.11694444444444443
0.12326923076923076
0.13009615384615383
0.1363568376068376
0.14190170940170937
0.14729700854700853
0.1525747863247863
0.15745726495726492
0.16228632478632474
0.16686965811965807
0.17165598290598286
0.17621794871794866
0.18069444444444438
0.18523504273504268
0.18979700854700848
0.19389957264957258
0.19817307692307687
0.20260683760683756
0.20654914529914525
0.20989316239316236
0.21307692307692305
0.21650641025641024
0.22054487179487178
0.2244017094017094
0.2285576923076923
0.23259615384615384
0.23583333333333334
0.23952991452991454
0.24346153846153848
0.24722222222222223
0.250982905982906
0.255
0.25932692307692307
0.2637286324786325
0.26842948717948717
0.2735576923076923
0.2782799145299145
0.2830662393162393
0.28852564102564104
0.2941880341880342
0.3005021367521368
0.3071047008547009
0.3138888888888889
0.32058760683760684
0.3279700854700855
0.335224358974359
0.341965811965812
0.3492735042735043
0.35676282051282054
0.36407051282051284
0.37148504273504274
0.3791346153846154
0.3873183760683761
0.39533119658119664
0.4037393162393163
0.4119444444444445
0.420181623931624
0.4272008547008548
0.4342628205128206
0.44113247863247873
0.4479380341880343
0.45539529914529925
0.46213675213675226
0.4702457264957266
0.47789529914529927
0.48594017094017106
0.49306623931623944
0.5004380341880343
0.5086111111111112
0.5166346153846155
0.5247649572649574
0.5336217948717951
0.541752136752137
0.5516346153846156
0.5604914529914532
0.5698076923076925
0.5788141025641027
0.5882371794871797
0.5985149572649575
0.6085683760683763
0.6192841880341883
0.6301816239316241
0.6403739316239319
0.6504807692307695
0.6595940170940173
0.6690918803418806
0.6779914529914532
0.6873290598290601
0.6972649572649575
0.7071047008547011
0.7174572649572653
0.7281623931623935
0.7391987179487183
0.7495619658119661
0.7602991452991456
0.7711111111111114
0.7818803418803422
0.7926709401709404
0.8029700854700857
0.8132799145299148
0.8234188034188037
0.8328205128205131
0.8406410256410258
0.848354700854701
0.8541773504273505
0.8591132478632479
0.8631623931623933
0.8662927350427352
0.8688354700854702
0.871303418803419
0.8730769230769233
0.87482905982906
0.8764423076923079
0.8780128205128207
0.8797756410256412
0.8815598290598292
0.8832264957264959
0.885363247863248
0.8878846153846156
0.8910470085470088
0.8942307692307695
0.8974358974358977
0.9003525641025644
0.9032371794871797
0.9061752136752139
0.9086538461538464
0.9109508547008549
0.9129594017094019
0.9150000000000003
0.9170940170940174
0.9188034188034191
0.920769230769231
0.9226282051282053
0.9247649572649574
0.9267735042735045
0.929380341880342
0.9325427350427352
0.9364636752136754
0.9404380341880343
0.9452457264957266
0.9498504273504275
0.9558119658119659
0.9620405982905984
0.9674465811965813
0.9716773504273506
0.97482905982906
0.9774572649572651
0.9803525641025643
0.9844123931623934
0.9895512820512823
0.9945299145299148
0.9979487179487182
0.9994017094017097
0.9998824786324789
0.9999572649572652
0.9999786324786327
0.9999893162393165
0.9999893162393165
1.0000000000000002
1.0000000000000002
1.0000000000000002
1.0000000000000002
1.0000000000000002
1.0000000000000002
1.0000000000000002
1.0000000000000002
1.0000000000000002
1.0000000000000002
1.0000000000000002
1.0000000000000002
1.0000000000000002
1.0000000000000002
1.0000000000000002
1.0000000000000002
1.0000000000000002
1.0000000000000002
1.0000000000000002
1.0000000000000002
1.0000000000000002
1.0000000000000002
1.0000000000000002
1.0000000000000002
1.0000000000000002
1.0000000000000002
1.0000000000000002
1.0000000000000002
1.0000000000000002
1.0000000000000002
1.0000000000000002
1.0000000000000002
1.0000000000000002
1.0000000000000002
1.0000000000000002
1.0000000000000002
1.0000000000000002
1.0000000000000002
1.0000000000000002
1.0000000000000002
1.0000000000000002
1.0000000000000002
1.0000000000000002
1.0000000000000002
1.0000000000000002
1.0000000000000002
1.0000000000000002
1.0000000000000002
1.0000000000000002
1.0000000000000002
1.0000000000000002
1.0000000000000002
1.0000000000000002
1.0000000000000002
1.0000000000000002
1.0000000000000002
1.0000000000000002
1.0000000000000002
1.0000000000000002
1.0000000000000002
1.0000000000000002
1.0000000000000002
1.0000000000000002
1.0000000000000002
1.0000000000000002
1.0000000000000002
1.0000000000000002
1.0000000000000002
1.0000000000000002
1.0000000000000002
1.0000000000000002
1.0000000000000002
