0.0
0.0
1.0683760683760684E-5
6.41025641025641E-5
4.166666666666667E-4
0.0014957264957264958
0.0031730769230769234
0.005
0.007158119658119659
0.01110042735042735
0.018547008547008546
0.029572649572649573
0.04138888888888889
0.05280982905982906
0.06432692307692307
0.07524572649572649
0.08643162393162393
0.09797008547008547
0.10911324786324786
0.12017094017094017
0.13042735042735043
0.13993589743589743
0.14971153846153845
0.15960470085470085
0.16916666666666666
0.17897435897435895
0.18853632478632476
0.19749999999999998
0.20669871794871794
0.21528846153846154
0.22400641025641027
0.2329059829059829
0.2420940170940171
0.2504380341880342
0.25866452991452993
0.2673397435897436
0.2763675213675214
0.28597222222222224
0.29604700854700855
0.3063675213675214
0.3163675213675214
0.327232905982906
0.3385470085470086
0.35010683760683764
0.36230769230769233
0.37436965811965817
0.3860790598290599
0.39693376068376074
0.40732905982905987
0.4173076923076923
0.42773504273504276
0.4381623931623932
0.44841880341880347
0.45809829059829066
0.46804487179487186
0.478440170940171
0.4884935897435898
0.49861111111111117
0.5096367521367522
0.5200427350427351
0.5300747863247864
0.5405341880341882
0.5507692307692309
0.5614743589743592
0.5711004273504275
0.5794658119658121
0.5881196581196583
0.5962072649572651
0.6045619658119659
0.614155982905983
0.6250641025641026
0.6352350427350428
0.6450534188034189
0.6548611111111112
0.663888888888889
0.6727991452991454
0.6809615384615386
0.6897970085470086
0.6982371794871796
0.70625
0.7137713675213676
0.7213141025641027
0.7279594017094018
0.7353098290598291
0.7432051282051283
0.7510363247863249
0.7577670940170941
0.7645512820512821
0.7712606837606838
0.7770726495726497
0.7827670940170941
0.7872756410256411
0.7908760683760684
0.7940170940170941
0.7967735042735044
0.7992307692307693
0.801698717948718
0.8038354700854702
0.8056410256410257
0.807232905982906
0.8088568376068376
0.8104273504273504
0.8121047008547008
0.8138034188034187
0.8153418803418802
0.8166773504273502
0.8181303418803417
0.8195192307692306
0.8209829059829058
0.8224786324786323
0.8240491452991451
0.8254700854700853
0.8270192307692306
0.8285683760683759
0.8304059829059827
0.8323824786324784
0.83400641025641
0.8358653846153843
0.8381837606837603
0.8405021367521364
0.8428205128205124
0.8453311965811962
0.8479807692307688
0.850245726495726
0.8525427350427346
0.855245726495726
0.8575641025641021
0.860021367521367
0.8622222222222218
0.8645726495726491
0.8665491452991448
0.8681623931623927
0.869711538461538
0.8713141025641021
0.8726282051282047
0.8739316239316235
0.8755235042735038
0.8768589743589739
0.8783653846153842
0.8797435897435892
0.8813782051282046
0.8827777777777773
0.8842948717948713
0.886314102564102
0.8888354700854696
0.891720085470085
0.8948824786324782
0.8982478632478628
0.9009081196581191
0.9037286324786319
0.9065705128205123
0.9091987179487174
0.9113141025641021
0.9133760683760679
0.9153311965811961
0.9175961538461533
0.9193589743589738
0.9212072649572645
0.9231196581196576
0.9252670940170935
0.927564102564102
0.9303098290598285
0.934123931623931
0.9380876068376063
0.942115384615384
0.94559829059829
0.9498824786324781
0.9544230769230764
0.9601602564102558
0.9660363247863242
0.9715491452991447
0.9758333333333328
0.9795192307692302
0.9837179487179482
0.9886111111111106
0.9937393162393157
0.9974572649572644
0.9991666666666661
0.9998076923076917
0.9999679487179481
0.9999999999999994
0.9999999999999994
0.9999999999999994
0.9999999999999994
0.9999999999999994
0.9999999999999994
0.9999999999999994
0.9999999999999994
0.9999999999999994
0.9999999999999994
0.9999999999999994
0.9999999999999994
0.9999999999999994
0.9999999999999994
0.9999999999999994
0.9999999999999994
0.9999999999999994
0.9999999999999994
0.9999999999999994
0.9999999999999994
0.9999999999999994
0.9999999999999994
0.9999999999999994
0.9999999999999994
0.9999999999999994
0.9999999999999994
0.9999999999999994
0.9999999999999994
0.9999999999999994
0.9999999999999994
0.9999999999999994
0.9999999999999994
0.9999999999999994
0.9999999999999994
0.9999999999999994
0.9999999999999994
0.9999999999999994
0.9999999999999994
0.9999999999999994
0.9999999999999994
0.9999999999999994
0.9999999999999994
0.9999999999999994
0.9999999999999994
0.9999999999999994
0.9999999999999994
0.9999999999999994
0.9999999999999994
0.9999999999999994
0.9999999999999994
0.9999999999999994
0.9999999999999994
0.9999999999999994
0.9999999999999994
0.9999999999999994
0.9999999999999994
0.9999999999999994
0.9999999999999994
0.9999999999999994
0.9999999999999994
0.9999999999999994
0.9999999999999994
0.9999999999999994
0.9999999999999994
0.9999999999999994
0.9999999999999994
0.9999999999999994
0.9999999999999994
0.9999999999999994
0.9999999999999994
0.9999999999999994
0.9999999999999994
0.9999999999999994
0.9999999999999994
0.9999999999999994
