7.478632478632479E-5
1.282051282051282E-4
4.5940170940170943E-4
0.001185897435897436
0.0026282051282051286
0.005555555555555556
0.009967948717948719
0.01754273504273504
0.029615384615384613
0.04557692307692307
0.062008547008547
0.07727564102564102
0.09347222222222222
0.10943376068376068
0.12520299145299144
0.14044871794871794
0.154775641025641
0.1681196581196581
0.18105769230769228
0.19481837606837604
0.21001068376068374
0.22638888888888886
0.24440170940170938
0.26307692307692304
0.2820833333333333
0.30184829059829055
0.32162393162393155
0.34048076923076914
0.35960470085470075
0.38009615384615375
0.40044871794871784
0.419594017094017
0.4389529914529914
0.4566346153846153
0.4740705128205127
0.4905662393162392
0.5082051282051281
0.5244444444444444
0.5391346153846153
0.5536004273504272
0.5670726495726495
0.5828311965811965
0.5988888888888888
0.6141132478632477
0.6283119658119657
0.6416132478632477
0.6542200854700853
0.6657264957264956
0.6771581196581195
0.6882585470085468
0.6984935897435895
0.7086752136752135
0.7173611111111109
0.7250534188034186
0.7317628205128203
0.7375213675213673
0.7421688034188032
0.7465705128205126
0.7510470085470083
0.7550641025641024
0.7593162393162391
0.7629594017094016
0.7661538461538461
0.7688141025641024
0.771869658119658
0.7741452991452991
0.776292735042735
0.7781730769230769
0.779732905982906
0.78125
0.7826602564102564
0.7841666666666667
0.7852243589743589
0.7863782051282051
0.7874893162393162
0.7884508547008546
0.7896047008547008
0.7906089743589743
0.7915491452991452
0.7927029914529914
0.793611111111111
0.7947542735042734
0.7959508547008546
0.7970192307692306
0.7981410256410255
0.7993910256410255
0.8004914529914529
0.8015811965811964
0.8027991452991451
0.8040918803418802
0.8054807692307691
0.8068269230769229
0.8081410256410255
0.809326923076923
0.8106410256410256
0.8120405982905983
0.8133653846153845
0.8146688034188033
0.8162606837606836
0.8176388888888887
0.8191025641025639
0.8204700854700853
0.8216452991452989
0.8229594017094015
0.8246260683760682
0.8259935897435896
0.8278739316239315
0.829636752136752
0.8314529914529913
0.8336217948717948
0.8354914529914529
0.8371260683760683
0.8390705128205127
0.8413247863247862
0.8433760683760683
0.8455876068376067
0.8481730769230768
0.8505448717948716
0.8528739316239314
0.8556837606837605
0.8583012820512819
0.8604059829059827
0.8623504273504271
0.864273504273504
0.8661004273504271
0.867713675213675
0.8691773504273502
0.8706944444444442
0.8722329059829057
0.8736431623931621
0.8750534188034185
0.8761538461538458
0.8773290598290595
0.8786324786324783
0.879668803418803
0.8811538461538457
0.8827777777777773
0.8848397435897432
0.8872222222222218
0.889850427350427
0.892660256410256
0.8955769230769227
0.8982585470085467
0.9009294871794868
0.9035363247863244
0.9060256410256406
0.9079914529914526
0.9097435897435893
0.9113141025641021
0.9131837606837602
0.9148076923076918
0.9164850427350422
0.9179700854700849
0.9194230769230763
0.9211004273504267
0.9227350427350421
0.9249038461538456
0.9273611111111105
0.9299893162393157
0.9322435897435892
0.9345405982905978
0.9373931623931618
0.9404273504273498
0.9430235042735037
0.9454273504273498
0.9485149572649567
0.952339743589743
0.9583440170940165
0.9643269230769225
0.9697649572649567
0.9740491452991448
0.977072649572649
0.9801602564102558
0.984038461538461
0.9891452991452986
0.9941025641025636
0.997745726495726
0.9993589743589739
0.9999038461538458
0.9999893162393159
0.9999999999999997
0.9999999999999997
0.9999999999999997
0.9999999999999997
0.9999999999999997
0.9999999999999997
0.9999999999999997
0.9999999999999997
0.9999999999999997
0.9999999999999997
0.9999999999999997
0.9999999999999997
0.9999999999999997
0.9999999999999997
0.9999999999999997
0.9999999999999997
0.9999999999999997
0.9999999999999997
0.9999999999999997
0.9999999999999997
0.9999999999999997
0.9999999999999997
0.9999999999999997
0.9999999999999997
0.9999999999999997
0.9999999999999997
0.9999999999999997
0.9999999999999997
0.9999999999999997
0.9999999999999997
0.9999999999999997
0.9999999999999997
0.9999999999999997
0.9999999999999997
0.9999999999999997
0.9999999999999997
0.9999999999999997
0.9999999999999997
0.9999999999999997
0.9999999999999997
0.9999999999999997
0.9999999999999997
0.9999999999999997
0.9999999999999997
0.9999999999999997
0.9999999999999997
0.9999999999999997
0.9999999999999997
0.9999999999999997
0.9999999999999997
0.9999999999999997
0.9999999999999997
0.9999999999999997
0.9999999999999997
0.9999999999999997
0.9999999999999997
0.9999999999999997
0.9999999999999997
0.9999999999999997
0.9999999999999997
0.9999999999999997
0.9999999999999997
0.9999999999999997
0.9999999999999997
0.9999999999999997
0.9999999999999997
0.9999999999999997
0.9999999999999997
0.9999999999999997
0.9999999999999997
0.9999999999999997
0.9999999999999997
0.9999999999999997
0.9999999999999997
0.9999999999999997
