6.41025641025641E-5
2.9914529914529915E-4
7.051282051282052E-4
0.0015170940170940173
0.004113247863247863
0.011047008547008547
0.02111111111111111
0.032019230769230765
0.04248931623931623
0.05397435897435897
0.06571581196581196
0.07913461538461537
0.09451923076923076
0.10952991452991452
0.12447649572649572
0.1403205128205128
0.15642094017094016
0.1730662393162393
0.19166666666666665
0.21066239316239316
0.2294017094017094
0.24784188034188034
0.2643482905982906
0.27864316239316245
0.2918376068376069
0.3036965811965813
0.31418803418803426
0.3241666666666667
0.3332692307692308
0.34182692307692314
0.3504273504273505
0.3580982905982907
0.3654700854700855
0.37242521367521375
0.3789102564102565
0.38467948717948725
0.3903952991452992
0.3957371794871795
0.4003632478632479
0.4053846153846154
0.4102991452991453
0.41460470085470086
0.4191346153846154
0.42340811965811964
0.4280235042735043
0.4326602564102564
0.43701923076923077
0.44159188034188035
0.44646367521367525
0.4516880341880342
0.45641025641025645
0.46103632478632484
0.46596153846153854
0.47112179487179495
0.4768162393162394
0.48232905982905994
0.48759615384615396
0.49330128205128215
0.4988675213675215
0.5042307692307694
0.5097329059829061
0.5155662393162395
0.5214316239316241
0.5276388888888891
0.533311965811966
0.5398183760683763
0.5465918803418807
0.5533119658119662
0.5606730769230773
0.5672756410256414
0.5738888888888893
0.5810256410256415
0.5883440170940175
0.5958547008547013
0.6031303418803423
0.6103418803418807
0.6175213675213679
0.6254487179487183
0.6335042735042739
0.6420085470085474
0.6500427350427354
0.6585576923076926
0.6662500000000002
0.6741025641025643
0.6811645299145301
0.6880341880341883
0.6951709401709404
0.7022542735042737
0.709519230769231
0.7167200854700857
0.7239102564102566
0.7310683760683763
0.7384722222222224
0.7457585470085472
0.7539636752136754
0.7623824786324788
0.7718910256410257
0.7803098290598292
0.7890491452991454
0.7978525641025642
0.8065170940170941
0.8147115384615385
0.8215811965811967
0.8281623931623933
0.8339957264957266
0.8389743589743591
0.8430662393162395
0.8462179487179489
0.8480769230769232
0.8494871794871796
0.8504273504273505
0.8509081196581197
0.8512393162393164
0.8514636752136754
0.8516666666666668
0.851837606837607
0.8519871794871796
0.8520833333333334
0.8521581196581197
0.8522863247863248
0.8523824786324786
0.8524893162393162
0.8526282051282051
0.8526923076923077
0.8527457264957266
0.852905982905983
0.8530128205128206
0.8531517094017095
0.8533333333333334
0.8534508547008548
0.853621794871795
0.8537393162393164
0.8539423076923078
0.8540598290598292
0.8541880341880344
0.8543803418803421
0.854561965811966
0.8546581196581198
0.8548183760683762
0.8550106837606839
0.8552136752136753
0.8554380341880343
0.8555662393162394
0.8557371794871796
0.8559188034188036
0.8562500000000002
0.8564743589743592
0.8567094017094019
0.8570192307692309
0.8573076923076924
0.8575213675213677
0.8577670940170942
0.8580662393162395
0.8583226495726497
0.8585576923076924
0.8588461538461539
0.8591239316239317
0.8594017094017096
0.8597435897435899
0.8600213675213677
0.8603739316239318
0.8606089743589745
0.86107905982906
0.8613568376068378
0.8616346153846156
0.8619551282051284
0.8623183760683762
0.8627457264957267
0.8630982905982908
0.863536324786325
0.8639957264957268
0.8645085470085473
0.8650320512820515
0.8655555555555557
0.8660149572649575
0.866527777777778
0.8670512820512822
0.8676495726495729
0.8682799145299147
0.8689636752136753
0.8698076923076924
0.8705982905982906
0.8714423076923077
0.8723397435897435
0.8733974358974358
0.8746688034188033
0.8759188034188032
0.8773183760683759
0.8785576923076922
0.8800106837606837
0.8817628205128204
0.8836858974358973
0.8862606837606837
0.8892628205128205
0.8921901709401708
0.8968162393162392
0.9033547008547007
0.9114316239316238
0.9194017094017093
0.9294337606837606
0.9412927350427349
0.9560470085470084
0.9727029914529913
0.9855769230769229
0.9938034188034186
0.9979700854700853
0.9994444444444442
0.9998611111111109
0.9999038461538459
0.9999145299145297
0.9999252136752135
0.9999358974358973
0.9999358974358973
0.9999358974358973
0.9999358974358973
0.9999358974358973
0.9999358974358973
0.9999358974358973
0.9999358974358973
0.9999358974358973
0.9999358974358973
0.9999358974358973
0.9999358974358973
0.9999358974358973
0.9999358974358973
0.9999358974358973
0.9999358974358973
0.9999358974358973
0.9999358974358973
0.9999358974358973
0.9999358974358973
0.9999358974358973
0.9999358974358973
0.9999358974358973
0.9999358974358973
0.9999358974358973
0.9999358974358973
0.9999358974358973
0.9999358974358973
0.9999358974358973
0.9999358974358973
0.9999358974358973
0.9999358974358973
0.9999358974358973
0.9999358974358973
0.9999358974358973
0.9999358974358973
0.9999358974358973
0.9999358974358973
0.9999358974358973
0.9999358974358973
0.9999358974358973
0.9999358974358973
0.9999358974358973
0.9999358974358973
