1.0683760683760684E-5
7.478632478632479E-5
1.8162393162393162E-4
5.235042735042735E-4
0.003183760683760684
0.00983974358974359
0.020074786324786327
0.029209401709401714
0.03764957264957265
0.0456517094017094
0.05326923076923077
0.06144230769230769
0.0689957264957265
0.07780982905982906
0.08813034188034188
0.09973290598290599
0.11147435897435898
0.1226923076923077
0.13326923076923078
0.14347222222222222
0.15501068376068378
0.16713675213675216
0.17974358974358978
0.19287393162393165
0.205224358974359
0.21621794871794875
0.22623931623931626
0.23465811965811967
0.24216880341880342
0.24916666666666668
0.25495726495726495
0.26022435897435897
0.2650213675213675
0.26927350427350427
0.27291666666666664
0.276517094017094
0.280042735042735
0.2832264957264957
0.28678418803418804
0.29041666666666666
0.29356837606837605
0.29720085470085467
0.30006410256410254
0.30279914529914526
0.305309829059829
0.3078846153846153
0.31028846153846146
0.31294871794871787
0.3157158119658119
0.3186431623931623
0.321559829059829
0.32444444444444437
0.3277243589743589
0.33112179487179483
0.33423076923076916
0.3374038461538461
0.3406089743589743
0.34385683760683755
0.3467414529914529
0.3495726495726495
0.352318376068376
0.3547649572649572
0.3570192307692307
0.359017094017094
0.36117521367521366
0.36286324786324786
0.3647115384615385
0.36644230769230773
0.3684615384615385
0.3705876068376069
0.3725427350427351
0.3742841880341881
0.3761538461538462
0.3783012820512821
0.380715811965812
0.3831410256410257
0.3857478632478633
0.3882799145299146
0.3907264957264958
0.3933226495726497
0.3956517094017095
0.3979700854700856
0.3999358974358976
0.4020726495726497
0.40429487179487195
0.4064102564102566
0.4087072649572651
0.41103632478632496
0.4132799145299147
0.41550213675213693
0.4178739316239318
0.4202350427350429
0.42229700854700875
0.42472222222222245
0.4269978632478635
0.4290811965811968
0.4311538461538464
0.4333760683760686
0.4356089743589746
0.4374572649572652
0.4391773504273507
0.44133547008547036
0.44315170940170967
0.44535256410256435
0.4474465811965814
0.4494658119658122
0.4517841880341883
0.4539636752136755
0.4563354700854704
0.4587393162393165
0.461217948717949
0.4639743589743593
0.4663354700854704
0.4693376068376071
0.47215811965811993
0.47560897435897465
0.4792307692307695
0.48316239316239346
0.48719017094017125
0.49123931623931655
0.4958440170940174
0.5004700854700858
0.5049786324786327
0.5095299145299148
0.5143589743589746
0.5196474358974361
0.525235042735043
0.5309508547008549
0.5366773504273507
0.5432478632478634
0.5487393162393165
0.5545512820512823
0.5602991452991456
0.5658226495726498
0.5715384615384618
0.5774465811965814
0.5833974358974361
0.5894658119658122
0.5955128205128207
0.601794871794872
0.6078632478632481
0.6139529914529916
0.620587606837607
0.6272115384615387
0.6335683760683762
0.6405662393162395
0.6481410256410258
0.6559188034188036
0.6641559829059831
0.6722970085470087
0.6804594017094019
0.6877350427350429
0.6945940170940172
0.701260683760684
0.7078418803418806
0.7143482905982909
0.7210897435897439
0.7288675213675216
0.7371047008547011
0.746217948717949
0.7549465811965814
0.7633440170940173
0.7716559829059831
0.7797649572649575
0.7869658119658123
0.7942200854700858
0.8015598290598294
0.808675213675214
0.8166132478632482
0.8244551282051286
0.8325000000000004
0.8395619658119662
0.8453846153846157
0.8507371794871799
0.8551175213675217
0.8587286324786328
0.8618696581196585
0.8646688034188038
0.8666452991452995
0.8680662393162397
0.8694978632478636
0.870641025641026
0.8718162393162396
0.8727991452991456
0.873760683760684
0.8748397435897439
0.876132478632479
0.8774358974358978
0.8787713675213679
0.8803098290598294
0.8819444444444448
0.883942307692308
0.8863354700854703
0.8892735042735045
0.8928418803418806
0.8975641025641028
0.9050106837606839
0.9154487179487182
0.925544871794872
0.9342200854700856
0.9420512820512822
0.9499679487179489
0.9612393162393164
0.9752029914529916
0.9867414529914531
0.9941346153846154
0.9980341880341881
0.9994764957264958
0.99991452991453
1.0
1.0
1.0
1.0
1.0
1.0
1.0
1.0
1.0
1.0
1.0
1.0
1.0
1.0
1.0
1.0
1.0
1.0
1.0
1.0
1.0
1.0
1.0
1.0
1.0
1.0
1.0
1.0
1.0
1.0
1.0
1.0
1.0
1.0
1.0
1.0
1.0
1.0
1.0
1.0
1.0
1.0
1.0
1.0
1.0
1.0
