3.205128205128205E-5
1.0683760683760684E-4
3.3119658119658117E-4
8.11965811965812E-4
0.0017200854700854702
0.00438034188034188
0.008664529914529914
0.0159508547008547
0.025683760683760683
0.037564102564102565
0.05123931623931624
0.06573717948717948
0.07981837606837607
0.09408119658119658
0.10787393162393162
0.12133547008547008
0.1348076923076923
0.1484508547008547
0.16136752136752136
0.17368589743589744
0.18492521367521367
0.1946688034188034
0.2038568376068376
0.21136752136752135
0.21858974358974356
0.22535256410256407
0.2317307692307692
0.23799145299145297
0.24300213675213672
0.24823717948717947
0.25283119658119657
0.25666666666666665
0.26098290598290597
0.2643910256410256
0.267724358974359
0.2711217948717949
0.2751495726495727
0.27893162393162396
0.28317307692307697
0.28709401709401716
0.2910470085470086
0.2949038461538462
0.29942307692307696
0.3037927350427351
0.30857905982905987
0.3137713675213676
0.3189102564102565
0.3239850427350428
0.3292735042735043
0.33456196581196584
0.33964743589743596
0.34450854700854705
0.34898504273504277
0.35308760683760687
0.3569337606837607
0.36070512820512823
0.36502136752136755
0.3693269230769231
0.37417735042735045
0.37836538461538466
0.3830341880341881
0.3873183760683761
0.39195512820512823
0.39635683760683765
0.40058760683760686
0.40490384615384617
0.4091880341880342
0.4136324786324786
0.4181623931623931
0.4228952991452991
0.42795940170940167
0.433525641025641
0.4392094017094017
0.44504273504273506
0.4511752136752137
0.4585683760683761
0.4658012820512821
0.4732264957264957
0.4802136752136752
0.487232905982906
0.4946688034188034
0.5018055555555556
0.5088675213675214
0.5158119658119659
0.5229166666666667
0.5305128205128206
0.5382692307692308
0.5462927350427351
0.5545619658119659
0.5630235042735043
0.5713034188034188
0.5793589743589744
0.5879807692307693
0.5964636752136753
0.6044658119658121
0.6125854700854702
0.6204807692307693
0.627638888888889
0.6352564102564103
0.6435256410256411
0.6522222222222224
0.6605128205128207
0.6689209401709403
0.67741452991453
0.6858333333333334
0.6938568376068377
0.7019017094017095
0.7101709401709403
0.7176709401709402
0.7252029914529915
0.732638888888889
0.7397863247863249
0.7467841880341881
0.7538568376068376
0.7608440170940172
0.7667307692307693
0.7726602564102565
0.7782051282051283
0.7826923076923078
0.7867628205128206
0.7903311965811968
0.7933226495726498
0.7958867521367523
0.7979700854700856
0.7996794871794873
0.8012393162393164
0.802596153846154
0.8041987179487181
0.8058012820512822
0.8073076923076925
0.808846153846154
0.810320512820513
0.8116987179487181
0.8128846153846155
0.814113247863248
0.8150427350427352
0.815897435897436
0.8168162393162395
0.8177564102564104
0.818536324786325
0.8196260683760686
0.8206944444444446
0.8215598290598293
0.8225641025641027
0.8234935897435899
0.8245512820512821
0.8258440170940172
0.8269658119658121
0.8279914529914532
0.829113247863248
0.8305128205128207
0.8320299145299147
0.833269230769231
0.8347649572649575
0.8361858974358977
0.837596153846154
0.8389743589743591
0.8403098290598292
0.8416239316239318
0.8427884615384617
0.8441346153846155
0.8453525641025642
0.846655982905983
0.8479487179487181
0.8496153846153848
0.8511858974358976
0.8526388888888891
0.854252136752137
0.8561752136752139
0.8581196581196583
0.8602029914529916
0.86241452991453
0.864871794871795
0.8678952991452993
0.8707799145299147
0.8740918803418805
0.8776495726495728
0.8813782051282053
0.884561965811966
0.8869123931623933
0.8895512820512822
0.8918696581196582
0.8939529914529916
0.8965277777777779
0.8991239316239318
0.9020085470085472
0.9044337606837608
0.9066880341880343
0.9102029914529917
0.9157478632478635
0.9229166666666669
0.9316132478632482
0.9399893162393166
0.94715811965812
0.95465811965812
0.963942307692308
0.9767414529914533
0.9878846153846157
0.995010683760684
0.9981517094017096
0.9993055555555558
0.9996901709401712
0.9999038461538464
0.9999465811965814
0.9999572649572652
0.999967948717949
0.999967948717949
0.9999786324786328
0.9999786324786328
0.9999786324786328
0.9999893162393166
0.9999893162393166
0.9999893162393166
0.9999893162393166
0.9999893162393166
0.9999893162393166
0.9999893162393166
0.9999893162393166
0.9999893162393166
0.9999893162393166
0.9999893162393166
0.9999893162393166
0.9999893162393166
0.9999893162393166
0.9999893162393166
0.9999893162393166
0.9999893162393166
0.9999893162393166
0.9999893162393166
0.9999893162393166
0.9999893162393166
0.9999893162393166
0.9999893162393166
0.9999893162393166
0.9999893162393166
0.9999893162393166
0.9999893162393166
0.9999893162393166
0.9999893162393166
0.9999893162393166
0.9999893162393166
0.9999893162393166
0.9999893162393166
0.9999893162393166
0.9999893162393166
0.9999893162393166
0.9999893162393166
0.9999893162393166
0.9999893162393166
0.9999893162393166
0.9999893162393166
0.9999893162393166
0.9999893162393166
0.9999893162393166
0.9999893162393166
