0.0
0.0
0.0
0.0
0.0
0.0
0.0
1.388888888888889E-4
8.226495726495727E-4
0.002403846153846154
0.004123931623931624
0.006730769230769231
0.010576923076923078
0.015715811965811968
0.022051282051282053
0.030737179487179488
0.04127136752136752
0.053675213675213676
0.06821581196581197
0.08417735042735043
0.10068376068376068
0.11784188034188034
0.1344551282051282
0.15042735042735042
0.16509615384615384
0.17983974358974358
0.19424145299145298
0.2083440170940171
0.22271367521367522
0.23631410256410257
0.24875
0.2601068376068376
0.2704380341880342
0.28041666666666665
0.28954059829059825
0.29795940170940166
0.3061004273504273
0.3131196581196581
0.32013888888888886
0.32650641025641025
0.3328846153846154
0.33892094017094015
0.3450320512820513
0.3513568376068376
0.35707264957264956
0.3633653846153846
0.36943376068376066
0.3755128205128205
0.3809722222222222
0.3874465811965812
0.3928632478632479
0.3988141025641026
0.40450854700854705
0.4103846153846154
0.41632478632478637
0.4225106837606838
0.4287713675213676
0.4349358974358975
0.4415598290598291
0.4484615384615385
0.45509615384615393
0.4619017094017095
0.4689636752136753
0.47680555555555565
0.4847329059829061
0.4928418803418804
0.5010683760683762
0.5093696581196582
0.5168589743589744
0.5244871794871796
0.5316773504273505
0.5394017094017095
0.5468589743589745
0.5539636752136753
0.560982905982906
0.5678418803418803
0.5752564102564103
0.5831837606837607
0.5920726495726495
0.600886752136752
0.6110790598290597
0.6217414529914529
0.6333760683760683
0.643878205128205
0.6535576923076922
0.6636004273504272
0.6730662393162392
0.6815064102564101
0.68883547008547
0.6955021367521367
0.7021794871794871
0.709102564102564
0.7149572649572649
0.7212072649572648
0.7264102564102562
0.7313247863247861
0.7362927350427348
0.7415811965811964
0.7465811965811964
0.7520833333333331
0.757980769230769
0.7645726495726493
0.7720085470085467
0.7800961538461535
0.7888995726495723
0.7960042735042732
0.801816239316239
0.8058974358974356
0.8088888888888885
0.8111645299145296
0.8133653846153843
0.8156410256410254
0.818066239316239
0.8210042735042732
0.8245940170940168
0.8283867521367518
0.8316132478632475
0.8343376068376065
0.8370940170940168
0.8396901709401706
0.842350427350427
0.8449786324786321
0.8474038461538458
0.8496367521367517
0.8517307692307688
0.8540811965811962
0.8563354700854697
0.8582692307692305
0.8597115384615381
0.8610256410256407
0.861730769230769
0.8624786324786322
0.8632158119658117
0.8636858974358971
0.8642200854700851
0.8646153846153842
0.8650320512820509
0.86542735042735
0.8658440170940166
0.8663461538461533
0.8667521367521362
0.8671794871794867
0.8675961538461533
0.8679273504273499
0.8683653846153842
0.8687713675213671
0.8692841880341876
0.869668803418803
0.8702136752136749
0.8706623931623928
0.8712713675213671
0.8718482905982902
0.872478632478632
0.8730769230769226
0.8735256410256406
0.8741880341880337
0.8747649572649567
0.8755341880341875
0.8763995726495721
0.877521367521367
0.8786217948717944
0.880245726495726
0.8820619658119653
0.8842948717948712
0.8870940170940165
0.8898504273504267
0.8930021367521361
0.8966880341880336
0.9007371794871789
0.9052243589743584
0.9104487179487174
0.9157264957264952
0.9208760683760678
0.9263247863247858
0.9317521367521362
0.9380448717948713
0.9442735042735038
0.9516025641025636
0.960331196581196
0.9706730769230764
0.9795192307692302
0.9852136752136746
0.9888568376068371
0.9918162393162387
0.9953098290598285
0.9977670940170934
0.9991452991452985
0.9997756410256403
0.9999145299145292
0.9999572649572642
0.9999786324786317
0.9999999999999992
0.9999999999999992
0.9999999999999992
0.9999999999999992
0.9999999999999992
0.9999999999999992
0.9999999999999992
0.9999999999999992
0.9999999999999992
0.9999999999999992
0.9999999999999992
0.9999999999999992
0.9999999999999992
0.9999999999999992
0.9999999999999992
0.9999999999999992
0.9999999999999992
0.9999999999999992
0.9999999999999992
0.9999999999999992
0.9999999999999992
0.9999999999999992
0.9999999999999992
0.9999999999999992
0.9999999999999992
0.9999999999999992
0.9999999999999992
0.9999999999999992
0.9999999999999992
0.9999999999999992
0.9999999999999992
0.9999999999999992
0.9999999999999992
0.9999999999999992
0.9999999999999992
0.9999999999999992
0.9999999999999992
0.9999999999999992
0.9999999999999992
0.9999999999999992
0.9999999999999992
0.9999999999999992
0.9999999999999992
0.9999999999999992
0.9999999999999992
0.9999999999999992
0.9999999999999992
0.9999999999999992
0.9999999999999992
0.9999999999999992
0.9999999999999992
0.9999999999999992
0.9999999999999992
0.9999999999999992
0.9999999999999992
0.9999999999999992
0.9999999999999992
0.9999999999999992
0.9999999999999992
0.9999999999999992
0.9999999999999992
0.9999999999999992
0.9999999999999992
0.9999999999999992
