0.0
1.0683760683760684E-5
1.0683760683760684E-5
1.0683760683760684E-5
1.282051282051282E-4
5.448717948717948E-4
0.0017307692307692308
0.00485042735042735
0.009262820512820513
0.015705128205128205
0.024155982905982906
0.034722222222222224
0.04788461538461539
0.06299145299145299
0.08074786324786325
0.09913461538461538
0.11797008547008546
0.13802350427350427
0.15838675213675213
0.17899572649572648
0.1978205128205128
0.21596153846153843
0.233034188034188
0.2489529914529914
0.26431623931623927
0.2787393162393162
0.2914529914529914
0.3033867521367521
0.31492521367521364
0.3248824786324786
0.3345299145299145
0.34440170940170933
0.35317307692307687
0.361068376068376
0.36991452991452983
0.3781623931623931
0.3869337606837606
0.3958547008547008
0.404818376068376
0.4142521367521367
0.4244337606837606
0.4347756410256409
0.4457905982905982
0.4570299145299144
0.4683333333333332
0.4791773504273503
0.49020299145299134
0.5012072649572649
0.5118055555555555
0.5229059829059829
0.5337927350427351
0.5446688034188034
0.5561965811965812
0.5675961538461539
0.5796260683760684
0.5924252136752137
0.605448717948718
0.6174893162393164
0.6280555555555557
0.6382158119658121
0.64732905982906
0.656655982905983
0.6654059829059831
0.67357905982906
0.6799358974358976
0.6869017094017095
0.6935042735042736
0.6999679487179488
0.7067414529914531
0.7125427350427351
0.717863247863248
0.7234935897435898
0.7290811965811966
0.7351282051282052
0.7409188034188035
0.7473290598290598
0.7543696581196582
0.7612820512820513
0.768034188034188
0.774775641025641
0.7812820512820513
0.7864529914529915
0.7908440170940172
0.7943910256410257
0.7969978632478633
0.7991346153846154
0.8009615384615385
0.8025106837606838
0.8037713675213676
0.8049358974358974
0.8059935897435897
0.8070940170940171
0.8080128205128205
0.8087713675213676
0.8095619658119658
0.810224358974359
0.8107905982905983
0.8115064102564102
0.812008547008547
0.8126175213675213
0.8133119658119657
0.8140918803418803
0.8151388888888889
0.8162499999999999
0.8175213675213674
0.8190491452991452
0.821153846153846
0.8236858974358973
0.8261858974358972
0.8284188034188031
0.8309722222222219
0.8332692307692304
0.8355128205128202
0.8375427350427347
0.8395192307692304
0.8415598290598287
0.8434615384615382
0.8456196581196578
0.8477029914529911
0.849668803418803
0.851858974358974
0.8535683760683757
0.8549999999999995
0.8562179487179482
0.857521367521367
0.858771367521367
0.8599999999999994
0.8612393162393157
0.8620726495726491
0.8628205128205123
0.8637072649572645
0.8642841880341875
0.8647115384615379
0.8651175213675208
0.86551282051282
0.8658867521367516
0.8662820512820507
0.8666666666666661
0.8671260683760679
0.8675641025641021
0.8679166666666662
0.8683333333333328
0.8687713675213671
0.8692094017094013
0.8696153846153842
0.870117521367521
0.8706196581196577
0.8711431623931619
0.87167735042735
0.8721047008547004
0.8725961538461534
0.8731196581196576
0.8736645299145295
0.8744337606837602
0.8751495726495722
0.875779914529914
0.8766559829059823
0.8774572649572644
0.8785576923076918
0.8798717948717943
0.8813675213675208
0.8832585470085464
0.8853525641025636
0.8882051282051276
0.8907264957264952
0.8939316239316234
0.8974252136752131
0.9011538461538456
0.9048076923076918
0.9098717948717944
0.9147649572649568
0.919754273504273
0.9250534188034183
0.9309081196581191
0.9372756410256405
0.9438888888888884
0.9510363247863244
0.9589316239316236
0.9680235042735039
0.9780555555555552
0.985833333333333
0.9909722222222219
0.9951923076923074
0.9977029914529911
0.999049145299145
0.9996794871794868
0.9998824786324783
0.9999252136752133
0.9999252136752133
0.9999358974358971
0.9999465811965809
0.9999786324786322
0.9999786324786322
0.9999999999999997
0.9999999999999997
0.9999999999999997
0.9999999999999997
0.9999999999999997
0.9999999999999997
0.9999999999999997
0.9999999999999997
0.9999999999999997
0.9999999999999997
0.9999999999999997
0.9999999999999997
0.9999999999999997
0.9999999999999997
0.9999999999999997
0.9999999999999997
0.9999999999999997
0.9999999999999997
0.9999999999999997
0.9999999999999997
0.9999999999999997
0.9999999999999997
0.9999999999999997
0.9999999999999997
0.9999999999999997
0.9999999999999997
0.9999999999999997
0.9999999999999997
0.9999999999999997
0.9999999999999997
0.9999999999999997
0.9999999999999997
0.9999999999999997
0.9999999999999997
0.9999999999999997
0.9999999999999997
0.9999999999999997
0.9999999999999997
0.9999999999999997
0.9999999999999997
0.9999999999999997
0.9999999999999997
0.9999999999999997
0.9999999999999997
0.9999999999999997
0.9999999999999997
0.9999999999999997
0.9999999999999997
0.9999999999999997
0.9999999999999997
0.9999999999999997
0.9999999999999997
0.9999999999999997
0.9999999999999997
0.9999999999999997
0.9999999999999997
0.9999999999999997
0.9999999999999997
0.9999999999999997
0.9999999999999997
0.9999999999999997
0.9999999999999997
