0.0
0.0
5.341880341880342E-5
3.525641025641026E-4
0.002371794871794872
0.008034188034188034
0.015128205128205128
0.02205128205128205
0.028739316239316238
0.036036324786324785
0.04392094017094017
0.052724358974358974
0.061495726495726495
0.07340811965811966
0.08689102564102565
0.10190170940170941
0.11597222222222223
0.1297863247863248
0.14303418803418805
0.15820512820512822
0.1746794871794872
0.19213675213675216
0.20972222222222225
0.22516025641025644
0.23833333333333337
0.24961538461538466
0.25880341880341884
0.2668376068376069
0.2743910256410257
0.2818376068376069
0.28916666666666674
0.29566239316239323
0.3021260683760684
0.3084294871794872
0.31398504273504274
0.3191880341880342
0.3243162393162393
0.32956196581196584
0.3351709401709402
0.34037393162393165
0.34544871794871795
0.3500106837606838
0.3541346153846154
0.3577136752136752
0.3612713675213675
0.3648397435897436
0.36827991452991454
0.3713995726495727
0.37439102564102567
0.3770299145299146
0.379957264957265
0.38286324786324794
0.3858012820512821
0.38908119658119666
0.3923290598290599
0.39563034188034196
0.39867521367521375
0.4013782051282052
0.40428418803418814
0.40676282051282064
0.4094123931623933
0.4122756410256412
0.41471153846153863
0.4174145299145301
0.4200747863247865
0.4227136752136754
0.42535256410256433
0.4281089743589746
0.43070512820512846
0.43320512820512846
0.43557692307692336
0.43809829059829086
0.44063034188034217
0.44338675213675244
0.4459294871794875
0.44868589743589776
0.45115384615384646
0.4536645299145302
0.45626068376068407
0.458899572649573
0.4616132478632482
0.46439102564102597
0.4672649572649576
0.470192307692308
0.473183760683761
0.4766025641025644
0.4800747863247866
0.48408119658119686
0.48797008547008575
0.49170940170940197
0.49541666666666695
0.4997222222222225
0.5041346153846157
0.5086538461538465
0.5138141025641029
0.5190277777777781
0.5245512820512823
0.5299572649572653
0.5352670940170943
0.5412713675213677
0.5468055555555558
0.5531196581196584
0.5600534188034191
0.567286324786325
0.5741452991452993
0.5806944444444446
0.5877884615384618
0.5948717948717951
0.6013354700854703
0.6085576923076925
0.6156089743589745
0.6220405982905984
0.6287500000000001
0.6354700854700857
0.6423183760683763
0.6496688034188036
0.657510683760684
0.6658547008547011
0.6743482905982908
0.6824252136752139
0.6903525641025643
0.6986965811965814
0.7065491452991455
0.7139102564102566
0.7221794871794874
0.7305341880341882
0.737820512820513
0.7454487179487181
0.7520192307692309
0.7597649572649574
0.767061965811966
0.7750213675213676
0.78357905982906
0.7929594017094018
0.8026923076923078
0.8127457264957266
0.8214957264957267
0.8284829059829062
0.8343482905982909
0.8383333333333336
0.8414529914529917
0.844209401709402
0.8469017094017096
0.8493696581196584
0.8513995726495729
0.8526388888888892
0.8535683760683763
0.8545299145299148
0.8552457264957267
0.8558547008547011
0.8563247863247865
0.8566346153846155
0.8569764957264958
0.8572649572649573
0.8574358974358975
0.8576923076923078
0.8579700854700856
0.8582264957264958
0.8584615384615385
0.8586645299145299
0.8588568376068376
0.8591025641025641
0.8593589743589743
0.8596260683760684
0.8598397435897436
0.8601923076923077
0.8604166666666667
0.8608119658119658
0.8611111111111112
0.8614423076923078
0.8617948717948719
0.8622863247863249
0.8626816239316241
0.8630341880341882
0.8634829059829061
0.8640491452991454
0.8644337606837609
0.8648076923076925
0.8652136752136754
0.8658012820512823
0.8663568376068378
0.8668589743589745
0.8675213675213677
0.8681517094017095
0.8687606837606838
0.8694658119658121
0.8702457264957266
0.8709508547008549
0.8717414529914531
0.8726068376068378
0.8736965811965813
0.8748611111111112
0.8760470085470087
0.877371794871795
0.8788247863247864
0.8801495726495727
0.8818910256410257
0.88366452991453
0.8860149572649574
0.8889850427350429
0.8927457264957266
0.8974786324786326
0.9055662393162394
0.9182478632478633
0.932147435897436
0.9434508547008548
0.9544123931623932
0.9692948717948718
0.9853525641025641
0.9953205128205128
0.9987393162393162
0.9997222222222222
0.9999252136752136
0.9999786324786324
0.9999999999999999
0.9999999999999999
0.9999999999999999
0.9999999999999999
0.9999999999999999
0.9999999999999999
0.9999999999999999
0.9999999999999999
0.9999999999999999
0.9999999999999999
0.9999999999999999
0.9999999999999999
0.9999999999999999
0.9999999999999999
0.9999999999999999
0.9999999999999999
0.9999999999999999
0.9999999999999999
0.9999999999999999
0.9999999999999999
0.9999999999999999
0.9999999999999999
0.9999999999999999
0.9999999999999999
0.9999999999999999
0.9999999999999999
0.9999999999999999
0.9999999999999999
0.9999999999999999
0.9999999999999999
0.9999999999999999
0.9999999999999999
0.9999999999999999
0.9999999999999999
0.9999999999999999
0.9999999999999999
0.9999999999999999
0.9999999999999999
0.9999999999999999
0.9999999999999999
0.9999999999999999
